3.5015987284684353
1.9683951023931954
0.00019600000000000002
1
0.44931862556290914
3.5015987284684353
1.9683951023931954
0.00019600000000000002
2
0.4318187668249288
3.5015987284684353
1.9823951023931952
0.00019600000000000002
1
0.4489271415269812
3.5015987284684353
1.9823951023931952
0.00019600000000000002
2
0.43229310048172503
3.5015987284684353
1.9963951023931952
0.00019600000000000002
1
0.4485453206568218
3.5015987284684353
1.9963951023931952
0.00019600000000000002
2
0.4327461638455225
3.5015987284684353
2.010395102393195
0.00019600000000000002
1
0.4481779192212897
3.5015987284684353
2.010395102393195
0.00019600000000000002
2
0.43317338006590694
3.5015987284684353
2.0243951023931954
0.00019600000000000002
1
0.4478305833740782
3.5015987284684353
2.0243951023931954
0.00019600000000000002
2
0.4335692942917744
3.5015987284684353
2.038395102393195
0.00019600000000000002
1
0.44750991155654835
3.5015987284684353
2.038395102393195
0.00019600000000000002
2
0.43392750976178324
3.5015987284684353
2.0523951023931954
0.00019600000000000002
1
0.447223426100136
3.5015987284684353
2.0523951023931954
0.00019600000000000002
2
0.434240714719707
3.5015987284684353
2.0663951023931952
0.00019600000000000002
1
0.4469793863043942
3.5015987284684353
2.0663951023931952
0.00019600000000000002
2
0.4345008678930913
3.5015987284684353
2.0803951023931955
0.00019600000000000002
1
0.44678637180121916
3.5015987284684353
2.0803951023931955
0.00019600000000000002
2
0.434699613737365
3.5015987284684353
2.0943951023931953
0.00019600000000000002
1
0.44665259918617933
3.5015987284684353
2.0943951023931953
0.00019600000000000002
2
0.43482896447478375
3.5015987284684353
2.108395102393195
0.00019600000000000002
1
0.4465850251583399
3.5015987284684353
2.108395102393195
0.00019600000000000002
2
0.4348821956952554
3.5015987284684353
2.1223951023931953
0.00019600000000000002
1
0.4465884193424187
3.5015987284684353
2.1223951023931953
0.00019600000000000002
2
0.4348547723518226
3.5015987284684353
2.136395102393195
0.00019600000000000002
1
0.4466646854990685
3.5015987284684353
2.136395102393195
0.00019600000000000002
2
0.434745026449569
3.5015987284684353
2.1503951023931953
0.00019600000000000002
1
0.4468126758761391
3.5015987284684353
2.1503951023931953
0.00019600000000000002
2
0.4345543416780328
3.5015987284684353
2.164395102393195
0.00019600000000000002
1
0.4470285619333718
3.5015987284684353
2.164395102393195
0.00019600000000000002
2
0.43428678175595914
3.5015987284684353
2.1783951023931953
0.00019600000000000002
1
0.4473066040821028
3.5015987284684353
2.1783951023931953
0.00019600000000000002
2
0.4339483198471155
3.5015987284684353
2.192395102393195
0.00019600000000000002
1
0.4476400475172038
3.5015987284684353
2.192395102393195
0.00019600000000000002
2
0.43354594196840945
3.5015987284684353
2.2063951023931954
0.00019600000000000002
1
0.448021906566245
3.5015987284684353
2.2063951023931954
0.00019600000000000002
2
0.43308686196349294
3.5015987284684353
2.220395102393195
0.00019600000000000002
1
0.4484455184253309
3.5015987284684353
2.220395102393195
0.00019600000000000002
2
0.43257796716947094
3.515598728468435
1.9683951023931954
0.00019600000000000002
1
0.44879500676409695
3.515598728468435
1.9683951023931954
0.00019600000000000002
2
0.4324092477427172
3.515598728468435
1.9823951023931952
0.00019600000000000002
1
0.4483881736078932
3.515598728468435
1.9823951023931952
0.00019600000000000002
2
0.43290076463244614
3.515598728468435
1.9963951023931952
0.00019600000000000002
1
0.4479904030398917
3.515598728468435
1.9963951023931952
0.00019600000000000002
2
0.43337161921855477
3.515598728468435
2.010395102393195
0.00019600000000000002
1
0.4476068534074906
3.515598728468435
2.010395102393195
0.00019600000000000002
2
0.4338168296405629
3.515598728468435
2.0243951023931954
0.00019600000000000002
1
0.4472438152521085
3.515598728468435
2.0243951023931954
0.00019600000000000002
2
0.4342302938389306
3.515598728468435
2.038395102393195
0.00019600000000000002
1
0.4469088471994563
3.515598728468435
2.038395102393195
0.00019600000000000002
2
0.43460465217297334
3.515598728468435
2.0523951023931954
0.00019600000000000002
1
0.44661080068460385
3.515598728468435
2.0523951023931954
0.00019600000000000002
2
0.4349312612260109
3.515598728468435
2.0663951023931952
0.00019600000000000002
1
0.44635961876479163
3.515598728468435
2.0663951023931952
0.00019600000000000002
2
0.4352003935591468
3.515598728468435
2.0803951023931955
0.00019600000000000002
1
0.44616577325382434
3.515598728468435
2.0803951023931955
0.00019600000000000002
2
0.4354017991928618
3.515598728468435
2.0943951023931953
0.00019600000000000002
1
0.44603925466786054
3.515598728468435
2.0943951023931953
0.00019600000000000002
2
0.43552571433674614
3.515598728468435
2.108395102393195
0.00019600000000000002
1
0.44598820246830795
3.515598728468435
2.108395102393195
0.00019600000000000002
2
0.4355642298904993
3.515598728468435
2.1223951023931953
0.00019600000000000002
1
0.44601752737318723
3.515598728468435
2.1223951023931953
0.00019600000000000002
2
0.4355126679514712
3.515598728468435
2.136395102393195
0.00019600000000000002
1
0.44612804995967925
3.515598728468435
2.136395102393195
0.00019600000000000002
2
0.4353704421107411
3.515598728468435
2.1503951023931953
0.00019600000000000002
1
0.4463165409813076
3.515598728468435
2.1503951023931953
0.00019600000000000002
2
0.43514101611746464
3.515598728468435
2.164395102393195
0.00019600000000000002
1
0.44657662372295825
3.515598728468435
2.164395102393195
0.00019600000000000002
2
0.4348310005900383
3.515598728468435
2.1783951023931953
0.00019600000000000002
1
0.4469001118313847
3.515598728468435
2.1783951023931953
0.00019600000000000002
2
0.434448814336329
3.515598728468435
2.192395102393195
0.00019600000000000002
1
0.44727828522645346
3.515598728468435
2.192395102393195
0.00019600000000000002
2
0.4340034076770515
3.515598728468435
2.2063951023931954
0.00019600000000000002
1
0.4477028069505754
3.515598728468435
2.2063951023931954
0.00019600000000000002
2
0.43350334491280257
3.515598728468435
2.220395102393195
0.00019600000000000002
1
0.4481662287652774
3.515598728468435
2.220395102393195
0.00019600000000000002
2
0.432956298122928
3.5295987284684354
1.9683951023931954
0.00019600000000000002
1
0.4482988330068833
3.5295987284684354
1.9683951023931954
0.00019600000000000002
2
0.4329642651777226
3.5295987284684354
1.9823951023931952
0.00019600000000000002
1
0.44787413588821756
3.5295987284684354
1.9823951023931952
0.00019600000000000002
2
0.43347526815575577
3.5295987284684354
1.9963951023931952
0.00019600000000000002
1
0.44745731524746485
3.5295987284684354
1.9963951023931952
0.00019600000000000002
2
0.43396680221655154
3.5295987284684354
2.010395102393195
0.00019600000000000002
1
0.4470538750530984
3.5295987284684354
2.010395102393195
0.00019600000000000002
2
0.43443353729692313
3.5295987284684354
2.0243951023931954
0.00019600000000000002
1
0.44667075794623073
3.5295987284684354
2.0243951023931954
0.00019600000000000002
2
0.4348687167502768
3.5295987284684354
2.038395102393195
0.00019600000000000002
1
0.4463166149740548
3.5295987284684354
2.038395102393195
0.00019600000000000002
2
0.43526388613469275
3.5295987284684354
2.0523951023931954
0.00019600000000000002
1
0.44600195853974073
3.5295987284684354
2.0523951023931954
0.00019600000000000002
2
0.4356087388042431
3.5295987284684354
2.0663951023931952
0.00019600000000000002
1
0.44573900396389504
3.5295987284684354
2.0663951023931952
0.00019600000000000002
2
0.43589127292342295
3.5295987284684354
2.0803951023931955
0.00019600000000000002
1
0.4455409285544158
3.5295987284684354
2.0803951023931955
0.00019600000000000002
2
0.4360985310201271
3.5295987284684354
2.0943951023931953
0.00019600000000000002
1
0.4454203325087037
3.5295987284684354
2.0943951023931953
0.00019600000000000002
2
0.4362181377640109
3.5295987284684354
2.108395102393195
0.00019600000000000002
1
0.445387030200437
3.5295987284684354
2.108395102393195
0.00019600000000000002
2
0.43624050742672904
3.5295987284684354
2.1223951023931953
0.00019600000000000002
1
0.44544588866040974
3.5295987284684354
2.1223951023931953
0.00019600000000000002
2
0.43616100422145476
3.5295987284684354
2.136395102393195
0.00019600000000000002
1
0.44559577006816126
3.5295987284684354
2.136395102393195
0.00019600000000000002
2
0.4359809987097107
3.5295987284684354
2.1503951023931953
0.00019600000000000002
1
0.4458301708374879
3.5295987284684354
2.1503951023931953
0.00019600000000000002
2
0.43570722769583126
3.5295987284684354
2.164395102393195
0.00019600000000000002
1
0.446139141728279
3.5295987284684354
2.164395102393195
0.00019600000000000002
2
0.43534987317860563
3.5295987284684354
2.1783951023931953
0.00019600000000000002
1
0.446511472710842
3.5295987284684354
2.1783951023931953
0.00019600000000000002
2
0.43492037663383953
3.5295987284684354
2.192395102393195
0.00019600000000000002
1
0.4469363458513702
3.5295987284684354
2.192395102393195
0.00019600000000000002
2
0.4344297853589458
3.5295987284684354
2.2063951023931954
0.00019600000000000002
1
0.4474042286146901
3.5295987284684354
2.2063951023931954
0.00019600000000000002
2
0.4338878584812321
3.5295987284684354
2.220395102393195
0.00019600000000000002
1
0.44790716529793195
3.5295987284684354
2.220395102393195
0.00019600000000000002
2
0.43330277491382807
3.543598728468435
1.9683951023931954
0.00019600000000000002
1
0.4478372816113343
3.543598728468435
1.9683951023931954
0.00019600000000000002
2
0.43347665167157623
3.543598728468435
1.9823951023931952
0.00019600000000000002
1
0.4473924020637861
3.543598728468435
1.9823951023931952
0.00019600000000000002
2
0.43400924450325384
3.543598728468435
1.9963951023931952
0.00019600000000000002
1
0.44695345525283897
3.543598728468435
1.9963951023931952
0.00019600000000000002
2
0.4345243190297052
3.543598728468435
2.010395102393195
0.00019600000000000002
1
0.4465261390869408
3.543598728468435
2.010395102393195
0.00019600000000000002
2
0.43501634901606945
3.543598728468435
2.0243951023931954
0.00019600000000000002
1
0.4461179479696628
3.543598728468435
2.0243951023931954
0.00019600000000000002
2
0.43547802390048546
3.543598728468435
2.038395102393195
0.00019600000000000002
1
0.4457386723151563
3.543598728468435
2.038395102393195
0.00019600000000000002
2
0.4358997478116732
3.543598728468435
2.0523951023931954
0.00019600000000000002
1
0.4454008302399171
3.543598728468435
2.0523951023931954
0.00019600000000000002
2
0.43626920642854183
3.543598728468435
2.0663951023931952
0.00019600000000000002
1
0.44511971642168074
3.543598728468435
2.0663951023931952
0.00019600000000000002
2
0.43657131670502985
3.543598728468435
2.0803951023931955
0.00019600000000000002
1
0.4449125150001733
3.543598728468435
2.0803951023931955
0.00019600000000000002
2
0.436789112598442
3.543598728468435
2.0943951023931953
0.00019600000000000002
1
0.4447958958405545
3.543598728468435
2.0943951023931953
0.00019600000000000002
2
0.436906147491353
3.543598728468435
2.108395102393195
0.00019600000000000002
1
0.4447822058441751
3.543598728468435
2.108395102393195
0.00019600000000000002
2
0.4369103016306471
3.543598728468435
2.1223951023931953
0.00019600000000000002
1
0.4448758232253849
3.543598728468435
2.1223951023931953
0.00019600000000000002
2
0.43679742667256954
3.543598728468435
2.136395102393195
0.00019600000000000002
1
0.44507200630900373
3.543598728468435
2.136395102393195
0.00019600000000000002
2
0.43657249578393426
3.543598728468435
2.1503951023931953
0.00019600000000000002
1
0.4453590459072405
3.543598728468435
2.1503951023931953
0.00019600000000000002
2
0.4362474502439435
3.543598728468435
2.164395102393195
0.00019600000000000002
1
0.4457220913793607
3.543598728468435
2.164395102393195
0.00019600000000000002
2
0.4358373724459426
3.543598728468435
2.1783951023931953
0.00019600000000000002
1
0.4461464387796268
3.543598728468435
2.1783951023931953
0.00019600000000000002
2
0.43535719689316715
3.543598728468435
2.192395102393195
0.00019600000000000002
1
0.4466193198024896
3.543598728468435
2.192395102393195
0.00019600000000000002
2
0.434819920479937
3.543598728468435
2.2063951023931954
0.00019600000000000002
1
0.4471304250430852
3.543598728468435
2.2063951023931954
0.00019600000000000002
2
0.4342360785376242
3.543598728468435
2.220395102393195
0.00019600000000000002
1
0.4476717435784534
3.543598728468435
2.220395102393195
0.00019600000000000002
2
0.4336139046381124
3.5575987284684354
1.9683951023931954
0.00019600000000000002
1
0.4474189762736677
3.5575987284684354
1.9683951023931954
0.00019600000000000002
2
0.433937792371791
3.5575987284684354
1.9823951023931952
0.00019600000000000002
1
0.44695214901512414
3.5575987284684354
1.9823951023931952
0.00019600000000000002
2
0.43449352330461966
3.5575987284684354
1.9963951023931952
0.00019600000000000002
1
0.44648841170533393
3.5575987284684354
1.9963951023931952
0.00019600000000000002
2
0.4350345849489727
3.5575987284684354
2.010395102393195
0.00019600000000000002
1
0.44603335981563513
3.5575987284684354
2.010395102393195
0.00019600000000000002
2
0.4355555516247142
3.5575987284684354
2.0243951023931954
0.00019600000000000002
1
0.4455947342514664
3.5575987284684354
2.0243951023931954
0.00019600000000000002
2
0.43604886445025387
3.5575987284684354
2.038395102393195
0.00019600000000000002
1
0.44518327662234325
3.5575987284684354
2.038395102393195
0.00019600000000000002
2
0.4365039746157158
3.5575987284684354
2.0523951023931954
0.00019600000000000002
1
0.4448137095513766
3.5575987284684354
2.0523951023931954
0.00019600000000000002
2
0.43690636163309265
3.5575987284684354
2.0663951023931952
0.00019600000000000002
1
0.44450541012140204
3.5575987284684354
2.0663951023931952
0.00019600000000000002
2
0.43723685848092275
3.5575987284684354
2.0803951023931955
0.00019600000000000002
1
0.4442816835817073
3.5575987284684354
2.0803951023931955
0.00019600000000000002
2
0.4374723765322345
3.5575987284684354
2.0943951023931953
0.00019600000000000002
1
0.44416601108274245
3.5575987284684354
2.0943951023931953
0.00019600000000000002
2
0.437589656508962
3.5575987284684354
2.108395102393195
0.00019600000000000002
1
0.4441749226488582
3.5575987284684354
2.108395102393195
0.00019600000000000002
2
0.4375723942619022
3.5575987284684354
2.1223951023931953
0.00019600000000000002
1
0.44431120881983194
3.5575987284684354
2.1223951023931953
0.00019600000000000002
2
0.4374180279523927
3.5575987284684354
2.136395102393195
0.00019600000000000002
1
0.4445632645155474
3.5575987284684354
2.136395102393195
0.00019600000000000002
2
0.43713839308650776
3.5575987284684354
2.1503951023931953
0.00019600000000000002
1
0.44491107959212073
3.5575987284684354
2.1503951023931953
0.00019600000000000002
2
0.43675373093709324
3.5575987284684354
2.164395102393195
0.00019600000000000002
1
0.4453334385410918
3.5575987284684354
2.164395102393195
0.00019600000000000002
2
0.43628548790413535
3.5575987284684354
2.1783951023931953
0.00019600000000000002
1
0.4458121386711948
3.5575987284684354
2.1783951023931953
0.00019600000000000002
2
0.4357520964744488
3.5575987284684354
2.192395102393195
0.00019600000000000002
1
0.4463331301081379
3.5575987284684354
2.192395102393195
0.00019600000000000002
2
0.43516783444497503
3.5575987284684354
2.2063951023931954
0.00019600000000000002
1
0.4468860910901897
3.5575987284684354
2.2063951023931954
0.00019600000000000002
2
0.4345432489301485
3.5575987284684354
2.220395102393195
0.00019600000000000002
1
0.4474635738752314
3.5575987284684354
2.220395102393195
0.00019600000000000002
2
0.43388600983547176
3.571598728468435
1.9683951023931954
0.00019600000000000002
1
0.44705394872056076
3.571598728468435
1.9683951023931954
0.00019600000000000002
2
0.43433766325208956
3.571598728468435
1.9823951023931952
0.00019600000000000002
1
0.44656448241716895
3.571598728468435
1.9823951023931952
0.00019600000000000002
2
0.4349170046276006
3.571598728468435
1.9963951023931952
0.00019600000000000002
1
0.44607434884457925
3.571598728468435
1.9963951023931952
0.00019600000000000002
2
0.4354854393179157
3.571598728468435
2.010395102393195
0.00019600000000000002
1
0.4455885716770384
3.571598728468435
2.010395102393195
0.00019600000000000002
2
0.4360381119059954
3.571598728468435
2.0243951023931954
0.00019600000000000002
1
0.4451145159143791
3.571598728468435
2.0243951023931954
0.00019600000000000002
2
0.43656783793305576
3.571598728468435
2.038395102393195
0.00019600000000000002
1
0.4446631903276484
3.571598728468435
2.038395102393195
0.00019600000000000002
2
0.43706380000433703
3.571598728468435
2.0523951023931954
0.00019600000000000002
1
0.4442511508591576
3.571598728468435
2.0523951023931954
0.00019600000000000002
2
0.437509642955803
3.571598728468435
2.0663951023931952
0.00019600000000000002
1
0.4439027067876452
3.571598728468435
2.0663951023931952
0.00019600000000000002
2
0.43788126628544993
3.571598728468435
2.0803951023931955
0.00019600000000000002
1
0.4436506138136922
3.571598728468435
2.0803951023931955
0.00019600000000000002
2
0.43814612970727607
3.571598728468435
2.0943951023931953
0.00019600000000000002
1
0.4435307476799774
3.571598728468435
2.0943951023931953
0.00019600000000000002
2
0.43826857822343485
3.571598728468435
2.108395102393195
0.00019600000000000002
1
0.4435674459934506
3.571598728468435
2.108395102393195
0.00019600000000000002
2
0.43822449905722005
3.571598728468435
2.1223951023931953
0.00019600000000000002
1
0.44375898444876594
3.571598728468435
2.1223951023931953
0.00019600000000000002
2
0.43801584425403106
3.571598728468435
2.136395102393195
0.00019600000000000002
1
0.4440800609001884
3.571598728468435
2.136395102393195
0.00019600000000000002
2
0.43766814550868516
3.571598728468435
2.1503951023931953
0.00019600000000000002
1
0.44449774170371253
3.571598728468435
2.1503951023931953
0.00019600000000000002
2
0.4372145668009897
3.571598728468435
2.164395102393195
0.00019600000000000002
1
0.44498362618887444
3.571598728468435
2.164395102393195
0.00019600000000000002
2
0.4366837389823068
3.571598728468435
2.1783951023931953
0.00019600000000000002
1
0.44551715273543524
3.571598728468435
2.1783951023931953
0.00019600000000000002
2
0.4360964528383678
3.571598728468435
2.192395102393195
0.00019600000000000002
1
0.44608442647121543
3.571598728468435
2.192395102393195
0.00019600000000000002
2
0.4354668306120683
3.571598728468435
2.2063951023931954
0.00019600000000000002
1
0.44667621290342074
3.571598728468435
2.2063951023931954
0.00019600000000000002
2
0.43480433167238175
3.571598728468435
2.220395102393195
0.00019600000000000002
1
0.44728632602510277
3.571598728468435
2.220395102393195
0.00019600000000000002
2
0.4341153637850776
3.5855987284684354
1.9683951023931954
0.00019600000000000002
1
0.4467532718788936
3.5855987284684354
1.9683951023931954
0.00019600000000000002
2
0.43466519783610613
3.5855987284684354
1.9823951023931952
0.00019600000000000002
1
0.44624219447900404
3.5855987284684354
1.9823951023931952
0.00019600000000000002
2
0.4352669011275379
3.5855987284684354
1.9963951023931952
0.00019600000000000002
1
0.44572603622912943
3.5855987284684354
1.9963951023931952
0.00019600000000000002
2
0.435862115690234
3.5855987284684354
2.010395102393195
0.00019600000000000002
1
0.44520867163528666
3.5855987284684354
2.010395102393195
0.00019600000000000002
2
0.4364471340887681
3.5855987284684354
2.0243951023931954
0.00019600000000000002
1
0.4446961340986551
3.5855987284684354
2.0243951023931954
0.00019600000000000002
2
0.4370161023150888
3.5855987284684354
2.038395102393195
0.00019600000000000002
1
0.44419824082891957
3.5855987284684354
2.038395102393195
0.00019600000000000002
2
0.4375593934329228
3.5855987284684354
2.0523951023931954
0.00019600000000000002
1
0.44373159730886597
3.5855987284684354
2.0523951023931954
0.00019600000000000002
2
0.4380606016854489
3.5855987284684354
2.0663951023931952
0.00019600000000000002
1
0.44332472560277697
3.5855987284684354
2.0663951023931952
0.00019600000000000002
2
0.4384914127880027
3.5855987284684354
2.0803951023931955
0.00019600000000000002
1
0.44302406968835595
3.5855987284684354
2.0803951023931955
0.00019600000000000002
2
0.4388055972389486
3.5855987284684354
2.0943951023931953
0.00019600000000000002
1
0.4428901778427579
3.5855987284684354
2.0943951023931953
0.00019600000000000002
2
0.4389428266291036
3.5855987284684354
2.108395102393195
0.00019600000000000002
1
0.44296471907881385
3.5855987284684354
2.108395102393195
0.00019600000000000002
2
0.4388616559623104
3.5855987284684354
2.1223951023931953
0.00019600000000000002
1
0.4432325774402826
3.5855987284684354
2.1223951023931953
0.00019600000000000002
2
0.43857742818574985
3.5855987284684354
2.136395102393195
0.00019600000000000002
1
0.44363978305911594
3.5855987284684354
2.136395102393195
0.00019600000000000002
2
0.4381443420323246
3.5855987284684354
2.1503951023931953
0.00019600000000000002
1
0.44413538606236685
3.5855987284684354
2.1503951023931953
0.00019600000000000002
2
0.43761357709100984
3.5855987284684354
2.164395102393195
0.00019600000000000002
1
0.4446858214911424
3.5855987284684354
2.164395102393195
0.00019600000000000002
2
0.43701892794547703
3.5855987284684354
2.1783951023931953
0.00019600000000000002
1
0.44527130551719135
3.5855987284684354
2.1783951023931953
0.00019600000000000002
2
0.4363804070956234
3.5855987284684354
2.192395102393195
0.00019600000000000002
1
0.44588028164843296
3.5855987284684354
2.192395102393195
0.00019600000000000002
2
0.4357097979708841
3.5855987284684354
2.2063951023931954
0.00019600000000000002
1
0.4465058052431014
3.5855987284684354
2.2063951023931954
0.00019600000000000002
2
0.4350142697140642
3.5855987284684354
2.220395102393195
0.00019600000000000002
1
0.4471435373708593
3.5855987284684354
2.220395102393195
0.00019600000000000002
2
0.43429838269508886
3.599598728468435
1.9683951023931954
0.00019600000000000002
1
0.4465281957414855
3.599598728468435
1.9683951023931954
0.00019600000000000002
2
0.4349091512447813
3.599598728468435
1.9823951023931952
0.00019600000000000002
1
0.4459988550234124
3.599598728468435
1.9823951023931952
0.00019600000000000002
2
0.4355296468770447
3.599598728468435
1.9963951023931952
0.00019600000000000002
1
0.4454600319745634
3.599598728468435
1.9963951023931952
0.00019600000000000002
2
0.43614805849801175
3.599598728468435
2.010395102393195
0.00019600000000000002
1
0.44491401641150596
3.599598728468435
2.010395102393195
0.00019600000000000002
2
0.4367622625216172
3.599598728468435
2.0243951023931954
0.00019600000000000002
1
0.44436454832602534
3.599598728468435
2.0243951023931954
0.00019600000000000002
2
0.43736869753579494
3.599598728468435
2.038395102393195
0.00019600000000000002
1
0.44381822420992456
3.599598728468435
2.038395102393195
0.00019600000000000002
2
0.43796095653998535
3.599598728468435
2.0523951023931954
0.00019600000000000002
1
0.4432877609492986
3.599598728468435
2.0523951023931954
0.00019600000000000002
2
0.438526521627
3.599598728468435
2.0663951023931952
0.00019600000000000002
1
0.44280004554445895
3.599598728468435
2.0663951023931952
0.00019600000000000002
2
0.43903871286763296
3.599598728468435
2.0803951023931955
0.00019600000000000002
1
0.44241480172873693
3.599598728468435
2.0803951023931955
0.00019600000000000002
2
0.4394380203372408
3.599598728468435
2.0943951023931953
0.00019600000000000002
1
0.44224437629228774
3.599598728468435
2.0943951023931953
0.00019600000000000002
2
0.4396123164892921
3.599598728468435
2.108395102393195
0.00019600000000000002
1
0.44237986661783185
3.599598728468435
2.108395102393195
0.00019600000000000002
2
0.4394707273779176
3.599598728468435
2.1223951023931953
0.00019600000000000002
1
0.4427600300588384
3.599598728468435
2.1223951023931953
0.00019600000000000002
2
0.4390747221061247
3.599598728468435
2.136395102393195
0.00019600000000000002
1
0.44327088280810106
3.599598728468435
2.136395102393195
0.00019600000000000002
2
0.43853851285707435
3.599598728468435
2.1503951023931953
0.00019600000000000002
1
0.4438460518698561
3.599598728468435
2.1503951023931953
0.00019600000000000002
2
0.4379287018992663
3.599598728468435
2.164395102393195
0.00019600000000000002
1
0.44445541132269983
3.599598728468435
2.164395102393195
0.00019600000000000002
2
0.43727564438042194
3.599598728468435
2.1783951023931953
0.00019600000000000002
1
0.4450849618373332
3.599598728468435
2.1783951023931953
0.00019600000000000002
2
0.436593567947043
3.599598728468435
2.192395102393195
0.00019600000000000002
1
0.445727630220599
3.599598728468435
2.192395102393195
0.00019600000000000002
2
0.4358897724179852
3.599598728468435
2.2063951023931954
0.00019600000000000002
1
0.4463795313271086
3.599598728468435
2.2063951023931954
0.00019600000000000002
2
0.43516836716927393
3.599598728468435
2.220395102393195
0.00019600000000000002
1
0.4470383722835806
3.599598728468435
2.220395102393195
0.00019600000000000002
2
0.43443186628299474
3.6135987284684354
1.9683951023931954
0.00019600000000000002
1
0.446388726064999
3.6135987284684354
1.9683951023931954
0.00019600000000000002
2
0.43505952143102516
3.6135987284684354
1.9823951023931952
0.00019600000000000002
1
0.44584702046915814
3.6135987284684354
1.9823951023931952
0.00019600000000000002
2
0.4356926883133051
3.6135987284684354
1.9963951023931952
0.00019600000000000002
1
0.44529248313749914
3.6135987284684354
1.9963951023931952
0.00019600000000000002
2
0.4363271225950975
3.6135987284684354
2.010395102393195
0.00019600000000000002
1
0.44472592661597
3.6135987284684354
2.010395102393195
0.00019600000000000002
2
0.43696217746661237
3.6135987284684354
2.0243951023931954
0.00019600000000000002
1
0.4441486495187841
3.6135987284684354
2.0243951023931954
0.00019600000000000002
2
0.43759673241415775
3.6135987284684354
2.038395102393195
0.00019600000000000002
1
0.4435629898981122
3.6135987284684354
2.038395102393195
0.00019600000000000002
2
0.43822863841530024
3.6135987284684354
2.0523951023931954
0.00019600000000000002
1
0.4429738697155667
3.6135987284684354
2.0523951023931954
0.00019600000000000002
2
0.43885317204611785
3.6135987284684354
2.0663951023931952
0.00019600000000000002
1
0.44239410606092555
3.6135987284684354
2.0663951023931952
0.00019600000000000002
2
0.4394577228688033
3.6135987284684354
2.0803951023931955
0.00019600000000000002
1
0.441868625693177
3.6135987284684354
2.0803951023931955
0.00019600000000000002
2
0.4399975775376562
3.6135987284684354
2.0943951023931953
0.00019600000000000002
1
0.44159342001495316
3.6135987284684354
2.0943951023931953
0.00019600000000000002
2
0.44027696352338325
3.6135987284684354
2.108395102393195
0.00019600000000000002
1
0.44185897734390095
3.6135987284684354
2.108395102393195
0.00019600000000000002
2
0.4400056156006524
3.6135987284684354
2.1223951023931953
0.00019600000000000002
1
0.4424010680024458
3.6135987284684354
2.1223951023931953
0.00019600000000000002
2
0.4394479895853915
3.6135987284684354
2.136395102393195
0.00019600000000000002
1
0.4430157238251999
3.6135987284684354
2.136395102393195
0.00019600000000000002
2
0.4388082817274856
3.6135987284684354
2.1503951023931953
0.00019600000000000002
1
0.44365576846245147
3.6135987284684354
2.1503951023931953
0.00019600000000000002
2
0.43813389738447533
3.6135987284684354
2.164395102393195
0.00019600000000000002
1
0.44430804873488383
3.6135987284684354
2.164395102393195
0.00019600000000000002
2
0.4374382187234145
3.6135987284684354
2.1783951023931953
0.00019600000000000002
1
0.44496768175342166
3.6135987284684354
2.1783951023931953
0.00019600000000000002
2
0.43672635673775034
3.6135987284684354
2.192395102393195
0.00019600000000000002
1
0.4456324600690009
3.6135987284684354
2.192395102393195
0.00019600000000000002
2
0.4360007453145107
3.6135987284684354
2.2063951023931954
0.00019600000000000002
1
0.4463012384575323
3.6135987284684354
2.2063951023931954
0.00019600000000000002
2
0.43526275374502954
3.6135987284684354
2.220395102393195
0.00019600000000000002
1
0.44697335878538147
3.6135987284684354
2.220395102393195
0.00019600000000000002
2
0.43451326123161355
3.6275987284684352
1.9683951023931954
0.00019600000000000002
1
0.4463418690669744
3.6275987284684352
1.9683951023931954
0.00019600000000000002
2
0.4351093044349515
3.6275987284684352
1.9823951023931952
0.00019600000000000002
1
0.4457957596423291
3.6275987284684352
1.9823951023931952
0.00019600000000000002
2
0.43574695837674793
3.6275987284684352
1.9963951023931952
0.00019600000000000002
1
0.4452355539896275
3.6275987284684352
1.9963951023931952
0.00019600000000000002
2
0.4363871449313068
3.6275987284684352
2.010395102393195
0.00019600000000000002
1
0.4446614479461932
3.6275987284684352
2.010395102393195
0.00019600000000000002
2
0.43702983384843047
3.6275987284684352
2.0243951023931954
0.00019600000000000002
1
0.44407364963558477
3.6275987284684352
2.0243951023931954
0.00019600000000000002
2
0.4376749949596724
3.6275987284684352
2.038395102393195
0.00019600000000000002
1
0.4434723780321396
3.6275987284684352
2.038395102393195
0.00019600000000000002
2
0.43832259817969804
3.6275987284684352
2.0523951023931954
0.00019600000000000002
1
0.4428578615394021
3.6275987284684352
2.0523951023931954
0.00019600000000000002
2
0.4389726135073385
3.6275987284684352
2.0663951023931952
0.00019600000000000002
1
0.4422303365979326
3.6275987284684352
2.0663951023931952
0.00019600000000000002
2
0.43962501102470447
3.6275987284684352
2.0803951023931955
0.00019600000000000002
1
0.4415900463471709
3.6275987284684352
2.0803951023931955
0.00019600000000000002
2
0.4402797608829851
3.6275987284684352
2.0943951023931953
0.00019600000000000002
1
0.4409374425660511
3.6275987284684352
2.0943951023931953
0.00019600000000000002
2
0.44093663006087913
3.6275987284684352
2.108395102393195
0.00019600000000000002
1
0.4415961991443229
3.6275987284684352
2.108395102393195
0.00019600000000000002
2
0.4402721676526639
3.6275987284684352
2.1223951023931953
0.00019600000000000002
1
0.4422578280653265
3.6275987284684352
2.1223951023931953
0.00019600000000000002
2
0.43959508771264066
3.6275987284684352
2.136395102393195
0.00019600000000000002
1
0.4429216909926436
3.6275987284684352
2.136395102393195
0.00019600000000000002
2
0.438906256568676
3.6275987284684352
2.1503951023931953
0.00019600000000000002
1
0.4435877585352251
3.6275987284684352
2.1503951023931953
0.00019600000000000002
2
0.4382059325344405
3.6275987284684352
2.164395102393195
0.00019600000000000002
1
0.44425600141568705
3.6275987284684352
2.164395102393195
0.00019600000000000002
2
0.43749437379747486
3.6275987284684352
2.1783951023931953
0.00019600000000000002
1
0.44492639045556187
3.6275987284684352
2.1783951023931953
0.00019600000000000002
2
0.43677183757071736
3.6275987284684352
2.192395102393195
0.00019600000000000002
1
0.44559889657393975
3.6275987284684352
2.192395102393195
0.00019600000000000002
2
0.4360385793106697
3.6275987284684352
2.2063951023931954
0.00019600000000000002
1
0.4462734907877689
3.6275987284684352
2.2063951023931954
0.00019600000000000002
2
0.4352948520123701
3.6275987284684352
2.220395102393195
0.00019600000000000002
1
0.4469501442123885
3.6275987284684352
2.220395102393195
0.00019600000000000002
2
0.4345409055809645
3.641598728468435
1.9683951023931954
0.00019600000000000002
1
0.4463901158131124
3.641598728468435
1.9683951023931954
0.00019600000000000002
2
0.43505600996872584
3.641598728468435
1.9823951023931952
0.00019600000000000002
1
0.44584835721999694
3.641598728468435
1.9823951023931952
0.00019600000000000002
2
0.4356891730383015
3.641598728468435
1.9963951023931952
0.00019600000000000002
1
0.44529376259019127
3.641598728468435
1.9963951023931952
0.00019600000000000002
2
0.43632360794990166
3.641598728468435
2.010395102393195
0.00019600000000000002
1
0.4447271419234914
3.641598728468435
2.010395102393195
0.00019600000000000002
2
0.43695867048684267
3.641598728468435
2.0243951023931954
0.00019600000000000002
1
0.4441497890006866
3.641598728468435
2.0243951023931954
0.00019600000000000002
2
0.4375932450118406
3.641598728468435
2.038395102393195
0.00019600000000000002
1
0.44356403169600406
3.641598728468435
2.038395102393195
0.00019600000000000002
2
0.4382251927196421
3.641598728468435
2.0523951023931954
0.00019600000000000002
1
0.4429747671601897
3.641598728468435
2.0523951023931954
0.00019600000000000002
2
0.4388498150324913
3.641598728468435
2.0663951023931952
0.00019600000000000002
1
0.44239473790405714
3.641598728468435
2.0663951023931952
0.00019600000000000002
2
0.43945457612282995
3.641598728468435
2.0803951023931955
0.00019600000000000002
1
0.441868578178594
3.641598728468435
2.0803951023931955
0.00019600000000000002
2
0.43999505518044313
3.641598728468435
2.0943951023931953
0.00019600000000000002
1
0.4415913981830997
3.641598728468435
2.0943951023931953
0.00019600000000000002
2
0.44027636090284394
3.641598728468435
2.108395102393195
0.00019600000000000002
1
0.44185536870355174
3.641598728468435
2.108395102393195
0.00019600000000000002
2
0.44000654561623304
3.641598728468435
2.1223951023931953
0.00019600000000000002
1
0.4423971649550884
3.641598728468435
2.1223951023931953
0.00019600000000000002
2
0.4394491602600528
3.641598728468435
2.136395102393195
0.00019600000000000002
1
0.4430117654894567
3.641598728468435
2.136395102393195
0.00019600000000000002
2
0.4388094543797885
3.641598728468435
2.1503951023931953
0.00019600000000000002
1
0.44365179288813256
3.641598728468435
2.1503951023931953
0.00019600000000000002
2
0.4381350344112549
3.641598728468435
2.164395102393195
0.00019600000000000002
1
0.44430406216662777
3.641598728468435
2.164395102393195
0.00019600000000000002
2
0.43743931433302197
3.641598728468435
2.1783951023931953
0.00019600000000000002
1
0.4449636841151135
3.641598728468435
2.1783951023931953
0.00019600000000000002
2
0.4367274114627578
3.641598728468435
2.192395102393195
0.00019600000000000002
1
0.4456284499819192
3.641598728468435
2.192395102393195
0.00019600000000000002
2
0.4360017609908961
3.641598728468435
2.2063951023931954
0.00019600000000000002
1
0.4462972144079132
3.641598728468435
2.2063951023931954
0.00019600000000000002
2
0.4352637323419952
3.641598728468435
2.220395102393195
0.00019600000000000002
1
0.44696931939873646
3.641598728468435
2.220395102393195
0.00019600000000000002
2
0.4345142045750624
3.6555987284684353
1.9683951023931954
0.00019600000000000002
1
0.4465308451549003
3.6555987284684353
1.9683951023931954
0.00019600000000000002
2
0.43490225847111225
3.6555987284684353
1.9823951023931952
0.00019600000000000002
1
0.4460013742099372
3.6555987284684353
1.9823951023931952
0.00019600000000000002
2
0.4355227708112512
3.6555987284684353
1.9963951023931952
0.00019600000000000002
1
0.4454624033759153
3.6555987284684353
1.9963951023931952
0.00019600000000000002
2
0.43614121698873065
3.6555987284684353
2.010395102393195
0.00019600000000000002
1
0.4449162123791107
3.6555987284684353
2.010395102393195
0.00019600000000000002
2
0.43675548360153144
3.6555987284684353
2.0243951023931954
0.00019600000000000002
1
0.4443665227870595
3.6555987284684353
2.0243951023931954
0.00019600000000000002
2
0.4373620277478377
3.6555987284684353
2.038395102393195
0.00019600000000000002
1
0.4438198950051954
3.6555987284684353
2.038395102393195
0.00019600000000000002
2
0.437954478591839
3.6555987284684353
2.0523951023931954
0.00019600000000000002
1
0.4432889697210274
3.6555987284684353
2.0523951023931954
0.00019600000000000002
2
0.4385203944953191
3.6555987284684353
2.0663951023931952
0.00019600000000000002
1
0.44280046490588876
3.6555987284684353
2.0663951023931952
0.00019600000000000002
2
0.4390332646205615
3.6555987284684353
2.0803951023931955
0.00019600000000000002
1
0.4424137698568332
3.6555987284684353
2.0803951023931955
0.00019600000000000002
2
0.4394339135338389
3.6555987284684353
2.0943951023931953
0.00019600000000000002
1
0.44224102384897124
3.6555987284684353
2.0943951023931953
0.00019600000000000002
2
0.43961042125066185
3.6555987284684353
2.108395102393195
0.00019600000000000002
1
0.4423742824002502
3.6555987284684353
2.108395102393195
0.00019600000000000002
2
0.43947095572941086
3.6555987284684353
2.1223951023931953
0.00019600000000000002
1
0.44275322108380083
3.6555987284684353
2.1223951023931953
0.00019600000000000002
2
0.43907606788564374
3.6555987284684353
2.136395102393195
0.00019600000000000002
1
0.443263527349521
3.6555987284684353
2.136395102393195
0.00019600000000000002
2
0.4385402986707855
3.6555987284684353
2.1503951023931953
0.00019600000000000002
1
0.44383843700448056
3.6555987284684353
2.1503951023931953
0.00019600000000000002
2
0.43793064156922124
3.6555987284684353
2.164395102393195
0.00019600000000000002
1
0.44444765411145104
3.6555987284684353
2.164395102393195
0.00019600000000000002
2
0.43727762175707047
3.6555987284684353
2.1783951023931953
0.00019600000000000002
1
0.44507711339995065
3.6555987284684353
2.1783951023931953
0.00019600000000000002
2
0.4365955328287776
3.6555987284684353
2.192395102393195
0.00019600000000000002
1
0.44571971460698984
3.6555987284684353
2.192395102393195
0.00019600000000000002
2
0.4358917016743722
3.6555987284684353
2.2063951023931954
0.00019600000000000002
1
0.44637156051455834
3.6555987284684353
2.2063951023931954
0.00019600000000000002
2
0.43517024973885904
3.6555987284684353
2.220395102393195
0.00019600000000000002
1
0.4470303524388289
3.6555987284684353
2.220395102393195
0.00019600000000000002
2
0.4344336969066266
3.669598728468435
1.9683951023931954
0.00019600000000000002
1
0.4467569507007389
3.669598728468435
1.9683951023931954
0.00019600000000000002
2
0.43465515414825906
3.669598728468435
1.9823951023931952
0.00019600000000000002
1
0.44624562964991266
3.669598728468435
1.9823951023931952
0.00019600000000000002
2
0.43525693106434316
3.669598728468435
1.9963951023931952
0.00019600000000000002
1
0.44572918677281
3.669598728468435
1.9963951023931952
0.00019600000000000002
2
0.4358522606812199
3.669598728468435
2.010395102393195
0.00019600000000000002
1
0.44521147577467646
3.669598728468435
2.010395102393195
0.00019600000000000002
2
0.4364374565045185
3.669598728468435
2.0243951023931954
0.00019600000000000002
1
0.44469849525839755
3.669598728468435
2.0243951023931954
0.00019600000000000002
2
0.4370066994534452
3.669598728468435
2.038395102393195
0.00019600000000000002
1
0.4442000026876232
3.669598728468435
2.038395102393195
0.00019600000000000002
2
0.43755042245490927
3.669598728468435
2.0523951023931954
0.00019600000000000002
1
0.4437325009622151
3.669598728468435
2.0523951023931954
0.00019600000000000002
2
0.4380523224403247
3.669598728468435
2.0663951023931952
0.00019600000000000002
1
0.44332434965447837
3.669598728468435
2.0663951023931952
0.00019600000000000002
2
0.43848424771033856
3.669598728468435
2.0803951023931955
0.00019600000000000002
1
0.4430218123881372
3.669598728468435
2.0803951023931955
0.00019600000000000002
2
0.4388001491989842
3.669598728468435
2.0943951023931953
0.00019600000000000002
1
0.4428854834298255
3.669598728468435
2.0943951023931953
0.00019600000000000002
2
0.4389396525775375
3.669598728468435
2.108395102393195
0.00019600000000000002
1
0.44295758646823347
3.669598728468435
2.108395102393195
0.00019600000000000002
2
0.4388607582328132
3.669598728468435
2.1223951023931953
0.00019600000000000002
1
0.4432236192358103
3.669598728468435
2.1223951023931953
0.00019600000000000002
2
0.4385781954712627
3.669598728468435
2.136395102393195
0.00019600000000000002
1
0.44362968798060437
3.669598728468435
2.136395102393195
0.00019600000000000002
2
0.43814608694716906
3.669598728468435
2.1503951023931953
0.00019600000000000002
1
0.44412461839412487
3.669598728468435
2.1503951023931953
0.00019600000000000002
2
0.4376158367128061
3.669598728468435
2.164395102393195
0.00019600000000000002
1
0.44467464368117754
3.669598728468435
2.164395102393195
0.00019600000000000002
2
0.437021441206567
3.669598728468435
2.1783951023931953
0.00019600000000000002
1
0.44525986074800217
3.669598728468435
2.1783951023931953
0.00019600000000000002
2
0.4363830322035733
3.669598728468435
2.192395102393195
0.00019600000000000002
1
0.44586864942384236
3.669598728468435
2.192395102393195
0.00019600000000000002
2
0.4357124568135898
3.669598728468435
2.2063951023931954
0.00019600000000000002
1
0.4464940311931152
3.669598728468435
2.2063951023931954
0.00019600000000000002
2
0.43501691804736115
3.669598728468435
2.220395102393195
0.00019600000000000002
1
0.44713164858365917
3.669598728468435
2.220395102393195
0.00019600000000000002
2
0.4343009948039838
3.6835987284684353
1.9683951023931954
0.00019600000000000002
1
0.44705837161317785
3.6835987284684353
1.9683951023931954
0.00019600000000000002
2
0.4343247542083195
3.6835987284684353
1.9823951023931952
0.00019600000000000002
1
0.44656851511244633
3.6835987284684353
1.9823951023931952
0.00019600000000000002
2
0.4349042595502844
3.6835987284684353
1.9963951023931952
0.00019600000000000002
1
0.4460779224859181
3.6835987284684353
1.9963951023931952
0.00019600000000000002
2
0.4354729277007505
3.6835987284684353
2.010395102393195
0.00019600000000000002
1
0.4455915878874534
3.6835987284684353
2.010395102393195
0.00019600000000000002
2
0.4360259329497347
3.6835987284684353
2.0243951023931954
0.00019600000000000002
1
0.44511683165024696
3.6835987284684353
2.0243951023931954
0.00019600000000000002
2
0.43655613567658
3.6835987284684353
2.038395102393195
0.00019600000000000002
1
0.4446645958285325
3.6835987284684353
2.038395102393195
0.00019600000000000002
2
0.43705278535902503
3.6835987284684353
2.0523951023931954
0.00019600000000000002
1
0.4442513423927381
3.6835987284684353
2.0523951023931954
0.00019600000000000002
2
0.43749962094460754
3.6835987284684353
2.0663951023931952
0.00019600000000000002
1
0.4439012696340999
3.6835987284684353
2.0663951023931952
0.00019600000000000002
2
0.4378726530427215
3.6835987284684353
2.0803951023931955
0.00019600000000000002
1
0.4436470638169381
3.6835987284684353
2.0803951023931955
0.00019600000000000002
2
0.4381394109116054
3.6835987284684353
2.0943951023931953
0.00019600000000000002
1
0.4435247006763014
3.6835987284684353
2.0943951023931953
0.00019600000000000002
2
0.4382641396536882
3.6835987284684353
2.108395102393195
0.00019600000000000002
1
0.4435588652351822
3.6835987284684353
2.108395102393195
0.00019600000000000002
2
0.43822237915372164
3.6835987284684353
2.1223951023931953
0.00019600000000000002
1
0.4437482408373342
3.6835987284684353
2.1223951023931953
0.00019600000000000002
2
0.43801567387110973
3.6835987284684353
2.136395102393195
0.00019600000000000002
1
0.44406770870581674
3.6835987284684353
2.136395102393195
0.00019600000000000002
2
0.43766937218113217
3.6835987284684353
2.1503951023931953
0.00019600000000000002
1
0.444484278888581
3.6835987284684353
2.1503951023931953
0.00019600000000000002
2
0.43721669440779026
3.6835987284684353
2.164395102393195
0.00019600000000000002
1
0.44496941037334736
3.6835987284684353
2.164395102393195
0.00019600000000000002
2
0.436686411767996
3.6835987284684353
2.1783951023931953
0.00019600000000000002
1
0.4455024172603892
3.6835987284684353
2.1783951023931953
0.00019600000000000002
2
0.43609943933915396
3.6835987284684353
2.192395102393195
0.00019600000000000002
1
0.4460693189698759
3.6835987284684353
2.192395102393195
0.00019600000000000002
2
0.43546998507332596
3.6835987284684353
2.2063951023931954
0.00019600000000000002
1
0.44666082680919644
3.6835987284684353
2.2063951023931954
0.00019600000000000002
2
0.43480756253080166
3.6835987284684353
2.220395102393195
0.00019600000000000002
1
0.44727072127582274
3.6835987284684353
2.220395102393195
0.00019600000000000002
2
0.4341186129554157
3.697598728468435
1.9683951023931954
0.00019600000000000002
1
0.44742384530586155
3.697598728468435
1.9683951023931954
0.00019600000000000002
2
0.43392231621620425
3.697598728468435
1.9823951023931952
0.00019600000000000002
1
0.4469564603661398
3.697598728468435
1.9823951023931952
0.00019600000000000002
2
0.4344783227982243
3.697598728468435
1.9963951023931952
0.00019600000000000002
1
0.44649207090352905
3.697598728468435
1.9963951023931952
0.00019600000000000002
2
0.4350197554120557
3.697598728468435
2.010395102393195
0.00019600000000000002
1
0.44603623890049204
3.697598728468435
2.010395102393195
0.00019600000000000002
2
0.4355412220992582
3.697598728468435
2.0243951023931954
0.00019600000000000002
1
0.4455966592985226
3.697598728468435
2.0243951023931954
0.00019600000000000002
2
0.4360352101556877
3.697598728468435
2.038395102393195
0.00019600000000000002
1
0.4451840133144862
3.697598728468435
2.038395102393195
0.00019600000000000002
2
0.43649123135779144
3.697598728468435
2.0523951023931954
0.00019600000000000002
1
0.4448129520797533
3.697598728468435
2.0523951023931954
0.00019600000000000002
2
0.4368948368829321
3.697598728468435
2.0663951023931952
0.00019600000000000002
1
0.444502787848609
3.697598728468435
2.0663951023931952
0.00019600000000000002
2
0.43722692469183794
3.697598728468435
2.0803951023931955
0.00019600000000000002
1
0.4442768113092919
3.697598728468435
2.0803951023931955
0.00019600000000000002
2
0.43746442085238346
3.697598728468435
2.0943951023931953
0.00019600000000000002
1
0.44415860165470084
3.697598728468435
2.0943951023931953
0.00019600000000000002
2
0.4375839681585048
3.697598728468435
2.108395102393195
0.00019600000000000002
1
0.4441649222798662
3.697598728468435
2.108395102393195
0.00019600000000000002
2
0.437569029185907
3.697598728468435
2.1223951023931953
0.00019600000000000002
1
0.4442988458631971
3.697598728468435
2.1223951023931953
0.00019600000000000002
2
0.43741676003483726
3.697598728468435
2.136395102393195
0.00019600000000000002
1
0.4445489553813016
3.697598728468435
2.136395102393195
0.00019600000000000002
2
0.43713880821483553
3.697598728468435
2.1503951023931953
0.00019600000000000002
1
0.4448952772390856
3.697598728468435
2.1503951023931953
0.00019600000000000002
2
0.4367553784937994
3.697598728468435
2.164395102393195
0.00019600000000000002
1
0.44531653126165033
3.697598728468435
2.164395102393195
0.00019600000000000002
2
0.4362879819665606
3.697598728468435
2.1783951023931953
0.00019600000000000002
1
0.44579442002112135
3.697598728468435
2.1783951023931953
0.00019600000000000002
2
0.4357551458705572
3.697598728468435
2.192395102393195
0.00019600000000000002
1
0.44631480856951466
3.697598728468435
2.192395102393195
0.00019600000000000002
2
0.43517123307704847
3.697598728468435
2.2063951023931954
0.00019600000000000002
1
0.4468673108916844
3.697598728468435
2.2063951023931954
0.00019600000000000002
2
0.43454685494224504
3.697598728468435
2.220395102393195
0.00019600000000000002
1
0.44744443417476143
3.697598728468435
2.220395102393195
0.00019600000000000002
2
0.43388972641938917
3.7115987284684353
1.9683951023931954
0.00019600000000000002
1
0.4478423157935163
3.7115987284684353
1.9683951023931954
0.00019600000000000002
2
0.4334588898149195
3.7115987284684353
1.9823951023931952
0.00019600000000000002
1
0.44739670391034964
3.7115987284684353
1.9823951023931952
0.00019600000000000002
2
0.43399187765340863
3.7115987284684353
1.9963951023931952
0.00019600000000000002
1
0.44695691088586736
3.7115987284684353
1.9963951023931952
0.00019600000000000002
2
0.43450746215897956
3.7115987284684353
2.010395102393195
0.00019600000000000002
1
0.4465286015111913
3.7115987284684353
2.010395102393195
0.00019600000000000002
2
0.43500015049252433
3.7115987284684353
2.0243951023931954
0.00019600000000000002
1
0.44611922857822034
3.7115987284684353
2.0243951023931954
0.00019600000000000002
2
0.43546267395885857
3.7115987284684353
2.038395102393195
0.00019600000000000002
1
0.44573853365639904
3.7115987284684353
2.038395102393195
0.00019600000000000002
2
0.43588548576244535
3.7115987284684353
2.0523951023931954
0.00019600000000000002
1
0.44539898524682897
3.7115987284684353
2.0523951023931954
0.00019600000000000002
2
0.43625632140428616
3.7115987284684353
2.0663951023931952
0.00019600000000000002
1
0.4451158437397226
3.7115987284684353
2.0663951023931952
0.00019600000000000002
2
0.4365601323084597
3.7115987284684353
2.0803951023931955
0.00019600000000000002
1
0.44490630242599916
3.7115987284684353
2.0803951023931955
0.00019600000000000002
2
0.43677994343980425
3.7115987284684353
2.0943951023931953
0.00019600000000000002
1
0.4447871149921802
3.7115987284684353
2.0943951023931953
0.00019600000000000002
2
0.43689922449485824
3.7115987284684353
2.108395102393195
0.00019600000000000002
1
0.44477079384462653
3.7115987284684353
2.108395102393195
0.00019600000000000002
2
0.43690569032828286
3.7115987284684353
2.1223951023931953
0.00019600000000000002
1
0.4448619208166721
3.7115987284684353
2.1223951023931953
0.00019600000000000002
2
0.43679498906831477
3.7115987284684353
2.136395102393195
0.00019600000000000002
1
0.445055919693348
3.7115987284684353
2.136395102393195
0.00019600000000000002
2
0.4365719284917599
3.7115987284684353
2.1503951023931953
0.00019600000000000002
1
0.44534115769082755
3.7115987284684353
2.1503951023931953
0.00019600000000000002
2
0.4362483735245283
3.7115987284684353
2.164395102393195
0.00019600000000000002
1
0.44570277626163113
3.7115987284684353
2.164395102393195
0.00019600000000000002
2
0.43583941449879027
3.7115987284684353
2.1783951023931953
0.00019600000000000002
1
0.44612601600277324
3.7115987284684353
2.1783951023931953
0.00019600000000000002
2
0.4353600413900921
3.7115987284684353
2.192395102393195
0.00019600000000000002
1
0.4465980401056027
3.7115987284684353
2.192395102393195
0.00019600000000000002
2
0.4348233195948246
3.7115987284684353
2.2063951023931954
0.00019600000000000002
1
0.44710847666573067
3.7115987284684353
2.2063951023931954
0.00019600000000000002
2
0.43423984692816275
3.7115987284684353
2.220395102393195
0.00019600000000000002
1
0.44764926469576505
3.7115987284684353
2.220395102393195
0.00019600000000000002
2
0.4336179069973591
3.725598728468435
1.9683951023931954
0.00019600000000000002
1
0.44830378355586764
3.725598728468435
1.9683951023931954
0.00019600000000000002
2
0.43294446695244304
3.725598728468435
1.9823951023931952
0.00019600000000000002
1
0.44787818313175276
3.725598728468435
1.9823951023931952
0.00019600000000000002
2
0.43345598121519696
3.725598728468435
1.9963951023931952
0.00019600000000000002
1
0.44746033299873555
3.725598728468435
1.9963951023931952
0.00019600000000000002
2
0.4339481541279942
3.725598728468435
2.010395102393195
0.00019600000000000002
1
0.4470557070194252
3.725598728468435
2.010395102393195
0.00019600000000000002
2
0.4344156860569664
3.725598728468435
2.0243951023931954
0.00019600000000000002
1
0.44667121283452677
3.725598728468435
2.0243951023931954
0.00019600000000000002
2
0.43485185565169404
3.725598728468435
2.038395102393195
0.00019600000000000002
1
0.44631546426191593
3.725598728468435
2.038395102393195
0.00019600000000000002
2
0.4352482459669814
3.725598728468435
2.0523951023931954
0.00019600000000000002
1
0.4459989408527231
3.725598728468435
2.0523951023931954
0.00019600000000000002
2
0.43559458344784846
3.725598728468435
2.0663951023931952
0.00019600000000000002
1
0.4457338417668098
3.725598728468435
2.0663951023931952
0.00019600000000000002
2
0.43587888263007735
3.725598728468435
2.0803951023931955
0.00019600000000000002
1
0.4455333624445909
3.725598728468435
2.0803951023931955
0.00019600000000000002
2
0.4360881680915329
3.725598728468435
2.0943951023931953
0.00019600000000000002
1
0.44541017213115836
3.725598728468435
2.0943951023931953
0.00019600000000000002
2
0.43620999560932666
3.725598728468435
2.108395102393195
0.00019600000000000002
1
0.44537420754093326
3.725598728468435
2.108395102393195
0.00019600000000000002
2
0.43623465724310606
3.725598728468435
2.1223951023931953
0.00019600000000000002
1
0.44543048793970313
3.725598728468435
2.1223951023931953
0.00019600000000000002
2
0.4361573650743012
3.725598728468435
2.136395102393195
0.00019600000000000002
1
0.44557801460819024
3.725598728468435
2.136395102393195
0.00019600000000000002
2
0.43597935064237
3.725598728468435
2.1503951023931953
0.00019600000000000002
1
0.4458103724318406
3.725598728468435
2.1503951023931953
0.00019600000000000002
2
0.43570726233632
3.725598728468435
2.164395102393195
0.00019600000000000002
1
0.44611763908995655
3.725598728468435
2.164395102393195
0.00019600000000000002
2
0.4353512552702853
3.725598728468435
2.1783951023931953
0.00019600000000000002
1
0.44648858383292267
3.725598728468435
2.1783951023931953
0.00019600000000000002
2
0.4349227916548526
3.725598728468435
2.192395102393195
0.00019600000000000002
1
0.4469123430205943
3.725598728468435
2.192395102393195
0.00019600000000000002
2
0.4344329644901439
3.725598728468435
2.2063951023931954
0.00019600000000000002
1
0.4473793318904009
3.725598728468435
2.2063951023931954
0.00019600000000000002
2
0.4338915851102111
3.725598728468435
2.220395102393195
0.00019600000000000002
1
0.44788154644222217
3.725598728468435
2.220395102393195
0.00019600000000000002
2
0.4333068806893145
3.7395987284684353
1.9683951023931954
0.00019600000000000002
1
0.44879966171708957
3.7395987284684353
1.9683951023931954
0.00019600000000000002
2
0.4323876258124805
3.7395987284684353
1.9823951023931952
0.00019600000000000002
1
0.4483917647395934
3.7395987284684353
1.9823951023931952
0.00019600000000000002
2
0.4328797605161361
3.7395987284684353
1.9963951023931952
0.00019600000000000002
1
0.4479927980491279
3.7395987284684353
1.9963951023931952
0.00019600000000000002
2
0.43335136693009885
3.7395987284684353
2.010395102393195
0.00019600000000000002
1
0.4476078939780116
3.7395987284684353
2.010395102393195
0.00019600000000000002
2
0.4337974895765509
3.7395987284684353
2.0243951023931954
0.00019600000000000002
1
0.44724331480268553
3.7395987284684353
2.0243951023931954
0.00019600000000000002
2
0.43421205499644056
3.7395987284684353
2.038395102393195
0.00019600000000000002
1
0.44690659159505225
3.7395987284684353
2.038395102393195
0.00019600000000000002
2
0.4345877314056982
3.7395987284684353
2.0523951023931954
0.00019600000000000002
1
0.44660655460061405
3.7395987284684353
2.0523951023931954
0.00019600000000000002
2
0.43491589684703913
3.7395987284684353
2.0663951023931952
0.00019600000000000002
1
0.44635314095081424
3.7395987284684353
2.0663951023931952
0.00019600000000000002
2
0.43518683004455233
3.7395987284684353
2.0803951023931955
0.00019600000000000002
1
0.4461568429641235
3.7395987284684353
2.0803951023931955
0.00019600000000000002
2
0.4353902607189511
3.7395987284684353
2.0943951023931953
0.00019600000000000002
1
0.44602770758780785
3.7395987284684353
2.0943951023931953
0.00019600000000000002
2
0.43551636882234024
3.7395987284684353
2.108395102393195
0.00019600000000000002
1
0.4459739676532508
3.7395987284684353
2.108395102393195
0.00019600000000000002
2
0.43555715202764084
3.7395987284684353
2.1223951023931953
0.00019600000000000002
1
0.446000651005347
3.7395987284684353
2.1223951023931953
0.00019600000000000002
2
0.43550781541955846
3.7395987284684353
2.136395102393195
0.00019600000000000002
1
0.44610869370158757
3.7395987284684353
2.136395102393195
0.00019600000000000002
2
0.4353676571953908
3.7395987284684353
2.1503951023931953
0.00019600000000000002
1
0.4462949541056056
3.7395987284684353
2.1503951023931953
0.00019600000000000002
2
0.4351400535548022
3.7395987284684353
2.164395102393195
0.00019600000000000002
1
0.446553100960913
3.7395987284684353
2.164395102393195
0.00019600000000000002
2
0.4348315696936517
3.7395987284684353
2.1783951023931953
0.00019600000000000002
1
0.44687495291303475
3.7395987284684353
2.1783951023931953
0.00019600000000000002
2
0.43445061943450325
3.7395987284684353
2.192395102393195
0.00019600000000000002
1
0.4472517664443369
3.7395987284684353
2.192395102393195
0.00019600000000000002
2
0.43400617652807827
3.7395987284684353
2.2063951023931954
0.00019600000000000002
1
0.4476751667421758
3.7395987284684353
2.2063951023931954
0.00019600000000000002
2
0.4335068431033401
3.7395987284684353
2.220395102393195
0.00019600000000000002
1
0.4481376640940601
3.7395987284684353
2.220395102393195
0.00019600000000000002
2
0.4329603326694683
3.753598728468435
1.9683951023931954
0.00019600000000000002
1
0.44932280821549136
3.753598728468435
1.9683951023931954
0.00019600000000000002
2
0.43179549877368956
3.753598728468435
1.9823951023931952
0.00019600000000000002
1
0.4489301136028682
3.753598728468435
1.9823951023931952
0.00019600000000000002
2
0.43227054381864743
3.753598728468435
1.9963951023931952
0.00019600000000000002
1
0.448546948423765
3.753598728468435
1.9963951023931952
0.00019600000000000002
2
0.4327244543993294
3.753598728468435
2.010395102393195
0.00019600000000000002
1
0.44817804711534415
3.753598728468435
2.010395102393195
0.00019600000000000002
2
0.4331526759078149
3.753598728468435
2.0243951023931954
0.00019600000000000002
1
0.4478290334708732
3.753598728468435
2.0243951023931954
0.00019600000000000002
2
0.4335497762274557
3.753598728468435
2.038395102393195
0.00019600000000000002
1
0.4475064857851214
3.753598728468435
2.038395102393195
0.00019600000000000002
2
0.43390937908031
3.753598728468435
2.0523951023931954
0.00019600000000000002
1
0.44721791296677715
3.753598728468435
2.0523951023931954
0.00019600000000000002
2
0.43422418643221417
3.753598728468435
2.0663951023931952
0.00019600000000000002
1
0.4469715739667447
3.753598728468435
2.0663951023931952
0.00019600000000000002
2
0.4344861576215848
3.753598728468435
2.0803951023931955
0.00019600000000000002
1
0.4467760684417636
3.753598728468435
2.0803951023931955
0.00019600000000000002
2
0.43468691730479836
3.753598728468435
2.0943951023931953
0.00019600000000000002
1
0.44663965921284837
3.753598728468435
2.0943951023931953
0.00019600000000000002
2
0.43481843166894607
3.753598728468435
2.108395102393195
0.00019600000000000002
1
0.44656937604331837
3.753598728468435
2.108395102393195
0.00019600000000000002
2
0.4348739033957988
3.753598728468435
2.1223951023931953
0.00019600000000000002
1
0.44657008078167404
3.753598728468435
2.1223951023931953
0.00019600000000000002
2
0.43484870533804093
3.753598728468435
2.136395102393195
0.00019600000000000002
1
0.4466437730193601
3.753598728468435
2.136395102393195
0.00019600000000000002
2
0.43474107376236315
3.753598728468435
2.1503951023931953
0.00019600000000000002
1
0.4467893863437085
3.753598728468435
2.1503951023931953
0.00019600000000000002
2
0.4345523110820251
3.753598728468435
2.164395102393195
0.00019600000000000002
1
0.4470031458338234
3.753598728468435
2.164395102393195
0.00019600000000000002
2
0.43428642743231194
3.753598728468435
2.1783951023931953
0.00019600000000000002
1
0.4472793339350602
3.753598728468435
2.1783951023931953
0.00019600000000000002
2
0.43394937395356403
3.753598728468435
2.192395102393195
0.00019600000000000002
1
0.44761119095147417
3.753598728468435
2.192395102393195
0.00019600000000000002
2
0.4335481415407506
3.753598728468435
2.2063951023931954
0.00019600000000000002
1
0.44799170833945823
3.753598728468435
2.2063951023931954
0.00019600000000000002
2
0.43308996687468887
3.753598728468435
2.220395102393195
0.00019600000000000002
1
0.44841419146054967
3.753598728468435
2.220395102393195
0.00019600000000000002
2
0.432581769073473