0.17274279183183028
0.17274289183183028
0.
1
0.6178958766130977
0.17274279183183028
0.17274289183183028
0.
2
0.6174332939295396
0.17274279183183028
0.17274289183183028
0.
3
0.5951976003995865
0.17274279183183028
0.17274289183183028
0.
4
0.027469314744217647
0.34548558366366056
0.34548568366366056
0.
1
0.6174237460262099
0.34548558366366056
0.34548568366366056
0.
2
0.615646020542899
0.34548558366366056
0.34548568366366056
0.
3
0.5946541614988052
0.34548558366366056
0.34548568366366056
0.
4
0.05474692729830873
0.5182283754954908
0.5182284754954908
0.
1
0.6166600090805969
0.5182283754954908
0.5182284754954908
0.
2
0.6129446676895842
0.5182283754954908
0.5182284754954908
0.
3
0.5935863239473504
0.5182283754954908
0.5182284754954908
0.
4
0.08149793336416579
0.6909711673273211
0.6909712673273211
0.
1
0.6156371005106096
0.6909711673273211
0.6909712673273211
0.
2
0.609777460924966
0.6909711673273211
0.6909712673273211
0.
3
0.5916944448457454
0.6909711673273211
0.6909712673273211
0.
4
0.10735648034834323
0.8637139591591515
0.8637140591591514
0.
1
0.6143964200878487
0.8637139591591515
0.8637140591591514
0.
2
0.6067521532445711
0.8637139591591515
0.8637140591591514
0.
3
0.5885382547198098
0.8637139591591515
0.8637140591591514
0.
4
0.13208190148573584
1.0364567509909817
1.0364568509909817
0.
1
0.6129854259758902
1.0364567509909817
1.0364568509909817
0.
2
0.6043624816366185
1.0364567509909817
1.0364568509909817
0.
3
0.5837883544959642
1.0364567509909817
1.0364568509909817
0.
4
0.15558860935225413
1.209199542822812
1.209199642822812
0.
1
0.6114550757062013
1.209199542822812
1.209199642822812
0.
2
0.6026860350117088
1.209199542822812
1.209199642822812
0.
3
0.5775161865841391
1.209199542822812
1.209199642822812
0.
4
0.17789869220184
1.3819423346546422
1.3819424346546423
0.
1
0.6098583263020348
1.3819423346546422
1.3819424346546423
0.
2
0.6015284632480714
1.3819423346546422
1.3819424346546423
0.
3
0.5700501545694754
1.3819423346546422
1.3819424346546423
0.
4
0.19908852050591758
1.5546851264864725
1.5546852264864726
0.
1
0.6082449843099971
1.5546851264864725
1.5546852264864726
0.
2
0.6006917406592968
1.5546851264864725
1.5546852264864726
0.
3
0.5616946729352137
1.5546851264864725
1.5546852264864726
0.
4
0.2192509439183811
1.727427918318303
1.727428018318303
0.
1
0.6065527821851311
1.727427918318303
1.727428018318303
0.
2
0.6000416986279066
1.727427918318303
1.727428018318303
0.
3
0.5526571148956303
1.727427918318303
1.727428018318303
0.
4
0.23847880489110318
1.9001707101501333
1.9001708101501333
0.
1
0.6048681964525345
1.9001707101501333
1.9001708101501333
0.
2
0.599512301936058
1.9001707101501333
1.9001708101501333
0.
3
0.5430931349714717
1.9001707101501333
1.9001708101501333
0.
4
0.25685494150515
2.0729135019819633
2.072913601981963
0.
1
0.6032449279450658
2.0729135019819633
2.072913601981963
0.
2
0.5990657340322186
2.0729135019819633
2.072913601981963
0.
3
0.5331106348065789
2.0729135019819633
2.072913601981963
0.
4
0.2744451787100527
2.245656293813794
2.245656393813794
0.
1
0.6017136746033072
2.245656293813794
2.245656393813794
0.
2
0.5986816500857962
2.245656293813794
2.245656393813794
0.
3
0.5227975275448811
2.245656293813794
2.245656393813794
0.
4
0.29129579070627887
2.418399085645624
2.4183991856456237
0.
1
0.6003014340282754
2.418399085645624
2.4183991856456237
0.
2
0.5983492699677295
2.418399085645624
2.4183991856456237
0.
3
0.5122368033952562
2.418399085645624
2.4183991856456237
0.
4
0.30742898817054004
2.5911418774774546
2.5911419774774544
0.
1
0.5990316035678037
2.5911418774774546
2.5911419774774544
0.
2
0.5980631366677683
2.5911418774774546
2.5911419774774544
0.
3
0.5015217235764928
2.5911418774774546
2.5911419774774544
0.
4
0.32283457565069246
2.7638846693092844
2.7638847693092843
0.
1
0.5979241155103858
2.7638846693092844
2.7638847693092843
0.
2
0.5978207715126179
2.7638846693092844
2.7638847693092843
0.
3
0.49077734567582787
2.7638846693092844
2.7638847693092843
0.
4
0.33745308252729833
2.936627461141115
2.936627561141115
0.
1
0.5976213242278069
2.936627461141115
2.936627561141115
0.
2
0.5969955777789696
2.936627461141115
2.936627561141115
0.
3
0.4801990036657701
2.936627461141115
2.936627561141115
0.
4
0.3511406456306252
3.109370252972945
3.109370352972945
0.
1
0.5974647639474976
3.109370252972945
3.109370352972945
0.
2
0.5962594029682317
3.109370252972945
3.109370352972945
0.
3
0.4701294790532717
3.109370252972945
3.109370352972945
0.
4
0.36359526937813386
3.2821130448047757
3.2821131448047756
0.
1
0.5973515752829158
3.2821130448047757
3.2821131448047756
0.
2
0.5957259169368256
3.2821130448047757
3.2821131448047756
0.
3
0.46121557213174114
3.2821130448047757
3.2821131448047756
0.
4
0.37419102759899975
3.454855836636606
3.454855936636606
0.
1
0.5972823767300784
3.454855836636606
3.454855936636606
0.
2
0.5954024433324066
3.454855836636606
3.454855936636606
0.
3
0.45465390154957336
3.454855836636606
3.454855936636606
0.
4
0.38175010742031296
3.6275986284684363
3.627598728468436
0.
1
0.5972575335904825
3.6275986284684363
3.627598728468436
0.
2
0.5952933632579773
3.6275986284684363
3.627598728468436
0.
3
0.45215370410798095
3.6275986284684363
3.627598728468436
0.
4
0.38458256329779206
3.727331728582398
3.627598728468436
0.09973310011396168
1
0.6013254163708214
3.727331728582398
3.627598728468436
0.09973310011396168
2
0.5911192877468071
3.727331728582398
3.627598728468436
0.09973310011396168
3
0.4521988727169607
3.727331728582398
3.627598728468436
0.09973310011396168
4
0.3847324210337184
3.8270648286963596
3.627598728468436
0.19946620022792336
1
0.6061147289413453
3.8270648286963596
3.627598728468436
0.19946620022792336
2
0.5860112004787049
3.8270648286963596
3.627598728468436
0.19946620022792336
3
0.4523334698911089
3.8270648286963596
3.627598728468436
0.19946620022792336
4
0.385181394862723
3.926797928810321
3.627598728468436
0.299199300341885
1
0.6108052782607416
3.926797928810321
3.627598728468436
0.299199300341885
2
0.580788758181402
3.926797928810321
3.627598728468436
0.299199300341885
3
0.4525547234010624
3.926797928810321
3.627598728468436
0.299199300341885
4
0.38592769724030235
4.026531028924283
3.627598728468436
0.3989324004558467
1
0.6153608922015344
4.026531028924283
3.627598728468436
0.3989324004558467
2
0.5754874231254138
4.026531028924283
3.627598728468436
0.3989324004558467
3
0.4528578536471668
4.026531028924283
3.627598728468436
0.3989324004558467
4
0.38696838398215183
4.126264129038245
3.627598728468436
0.4986655005698084
1
0.6197633488349041
4.126264129038245
3.627598728468436
0.4986655005698084
2
0.5701248337607818
4.126264129038245
3.627598728468436
0.4986655005698084
3
0.45323581681815917
4.126264129038245
3.627598728468436
0.4986655005698084
4
0.38829940600233126
4.225997229152206
3.627598728468436
0.59839860068377
1
0.6239968221759383
4.225997229152206
3.627598728468436
0.59839860068377
2
0.5647168288892561
4.225997229152206
3.627598728468436
0.59839860068377
3
0.4536789071747189
4.225997229152206
3.627598728468436
0.59839860068377
4
0.38991568015119127
4.325730329266168
3.627598728468436
0.6981317007977318
1
0.628045608523031
4.325730329266168
3.627598728468436
0.6981317007977318
2
0.5592804159568268
4.325730329266168
3.627598728468436
0.6981317007977318
3
0.45417417533178017
4.325730329266168
3.627598728468436
0.6981317007977318
4
0.39176495890212165
4.425463429380129
3.627598728468436
0.7978648009116934
1
0.6318936136454321
4.425463429380129
3.627598728468436
0.7978648009116934
2
0.5538352811650891
4.425463429380129
3.627598728468436
0.7978648009116934
3
0.454704601111005
4.425463429380129
3.627598728468436
0.7978648009116934
4
0.3938725697691353
4.5251965294940915
3.627598728468436
0.8975979010256552
1
0.6355243036880538
4.5251965294940915
3.627598728468436
0.8975979010256552
2
0.5484052376825009
4.5251965294940915
3.627598728468436
0.8975979010256552
3
0.4552479362230446
4.5251965294940915
3.627598728468436
0.8975979010256552
4
0.39623746095284035
4.624929629608053
3.627598728468436
0.9973310011396168
1
0.6389208715059999
4.624929629608053
3.627598728468436
0.9973310011396168
2
0.5430199837347401
4.624929629608053
3.627598728468436
0.9973310011396168
3
0.4557751132991357
4.624929629608053
3.627598728468436
0.9973310011396168
4
0.3988505546777658
4.724662729722015
3.627598728468436
1.0970641012535784
1
0.6420665598871856
4.724662729722015
3.627598728468436
1.0970641012535784
2
0.5377173514091732
4.724662729722015
3.627598728468436
1.0970641012535784
3
0.456248113073972
4.724662729722015
3.627598728468436
1.0970641012535784
4
0.4017021402538561
4.824395829835977
3.627598728468436
1.19679720136754
1
0.6449451247253527
4.824395829835977
3.627598728468436
1.19679720136754
2
0.5325461270258918
4.824395829835977
3.627598728468436
1.19679720136754
3
0.4566172340369825
4.824395829835977
3.627598728468436
1.19679720136754
4
0.4047819798855619
4.924128929949938
3.627598728468436
1.296530301481502
1
0.6475414242890293
4.924128929949938
3.627598728468436
1.296530301481502
2
0.5275693144320744
4.924128929949938
3.627598728468436
1.296530301481502
3
0.4568179036132268
4.924128929949938
3.627598728468436
1.296530301481502
4
0.40807941351221705
5.023862030063899
3.627598728468436
1.3962634015954636
1
0.6498421096414484
5.023862030063899
3.627598728468436
1.3962634015954636
2
0.5228672131613291
5.023862030063899
3.627598728468436
1.3962634015954636
3
0.4567676648316413
5.023862030063899
3.627598728468436
1.3962634015954636
4
0.4115834610640648
5.123595130177861
3.627598728468436
1.4959965017094252
1
0.6518363760674235
5.123595130177861
3.627598728468436
1.4959965017094252
2
0.5185387013168219
5.123595130177861
3.627598728468436
1.4959965017094252
3
0.45636495603964056
5.123595130177861
3.627598728468436
1.4959965017094252
4
0.4152829217871762
5.223328230291823
3.627598728468436
1.5957296018233869
1
0.653516730140104
5.223328230291823
3.627598728468436
1.5957296018233869
2
0.5146977242520423
5.223328230291823
3.627598728468436
1.5957296018233869
3
0.4554927053122195
5.223328230291823
3.627598728468436
1.5957296018233869
4
0.4191664740437198
5.3230613304057846
3.627598728468436
1.6954627019373485
1
0.6548797834730385
5.3230613304057846
3.627598728468436
1.6954627019373485
2
0.5114612927918041
5.3230613304057846
3.627598728468436
1.6954627019373485
3
0.4540305486218193
5.3230613304057846
3.627598728468436
1.6954627019373485
4
0.4232227957960114
5.422794430519747
3.627598728468436
1.7951958020513104
1
0.6559276189536424
5.422794430519747
3.627598728468436
1.7951958020513104
2
0.5089280444373485
5.422794430519747
3.627598728468436
1.7951958020513104
3
0.45187752570960216
5.422794430519747
3.627598728468436
1.7951958020513104
4
0.42744086046775037
5.522527530633708
3.627598728468436
1.894928902165272
1
0.6566614759751495
5.522527530633708
3.627598728468436
1.894928902165272
2
0.5071536912019174
5.522527530633708
3.627598728468436
1.894928902165272
3
0.44897001552997895
5.522527530633708
3.627598728468436
1.894928902165272
4
0.43180588062421493
5.62226063074767
3.627598728468436
1.9946620022792336
1
0.6570902735531058
5.62226063074767
3.627598728468436
1.9946620022792336
2
0.5061352319212044
5.62226063074767
3.627598728468436
1.9946620022792336
3
0.4453056614291735
5.62226063074767
3.627598728468436
1.9946620022792336
4
0.43630775807623895
5.721993730861632
3.627598728468436
2.0943951023931953
1
0.6572295929196867
5.721993730861632
3.627598728468436
2.0943951023931953
2
0.5058173141109086
5.721993730861632
3.627598728468436
2.0943951023931953
3
0.44093744256605066
5.721993730861632
3.627598728468436
2.0943951023931953
4
0.44093663006087613
5.921459926965625
3.454855936636606
1.9946620022792336
1
0.6567106706514578
5.921459926965625
3.454855936636606
1.9946620022792336
2
0.5069001708586872
5.921459926965625
3.454855936636606
1.9946620022792336
3
0.45053496986469516
5.921459926965625
3.454855936636606
1.9946620022792336
4
0.43045255221488427
6.1209261230696175
3.2821131448047756
1.894928902165272
1
0.6552660918800144
6.1209261230696175
3.2821131448047756
1.894928902165272
2
0.5097049031405161
6.1209261230696175
3.2821131448047756
1.894928902165272
3
0.46051384877126506
6.1209261230696175
3.2821131448047756
1.894928902165272
4
0.4181568687046859
6.32039231917361
3.1093703529729453
1.7951958020513104
1
0.65308117743827
6.32039231917361
3.1093703529729453
1.7951958020513104
2
0.5136662656724171
6.32039231917361
3.1093703529729453
1.7951958020513104
3
0.4707962904353365
6.32039231917361
3.1093703529729453
1.7951958020513104
4
0.4045598260457639
6.519858515277604
2.936627561141115
1.6954627019373485
1
0.6503367730981117
6.519858515277604
2.936627561141115
1.6954627019373485
2
0.5184184418865253
6.519858515277604
2.936627561141115
1.6954627019373485
3
0.48130606304537765
6.519858515277604
2.936627561141115
1.6954627019373485
4
0.3899790332059417
6.719324711381597
2.7638847693092847
1.5957296018233869
1
0.6471964217315532
6.719324711381597
2.7638847693092847
1.5957296018233869
2
0.5237299615281888
6.719324711381597
2.7638847693092847
1.5957296018233869
3
0.4919711670636796
6.719324711381597
2.7638847693092847
1.5957296018233869
4
0.3745803351136018
6.918790907485589
2.5911419774774544
1.4959965017094252
1
0.643800181185402
6.918790907485589
2.5911419774774544
1.4959965017094252
2
0.5294450948728592
6.918790907485589
2.5911419774774544
1.4959965017094252
3
0.5027202458198871
6.918790907485589
2.5911419774774544
1.4959965017094252
4
0.3584465380713004
7.118257103589582
2.418399185645624
1.3962634015954636
1
0.640275093663564
7.118257103589582
2.418399185645624
1.3962634015954636
2
0.5354514218000815
7.118257103589582
2.418399185645624
1.3962634015954636
3
0.5134897328151463
7.118257103589582
2.418399185645624
1.3962634015954636
4
0.34160877516363486
7.317723299693576
2.245656393813794
1.2965303014815017
1
0.6367289280803025
7.317723299693576
2.245656393813794
1.2965303014815017
2
0.5416576702591355
7.317723299693576
2.245656393813794
1.2965303014815017
3
0.5242151746138333
7.317723299693576
2.245656393813794
1.2965303014815017
4
0.32406386320864744
7.5171894957975685
2.0729136019819636
1.19679720136754
1
0.6332502320118758
7.5171894957975685
2.0729136019819636
1.19679720136754
2
0.5479822768617237
7.5171894957975685
2.0729136019819636
1.19679720136754
3
0.5348290224224674
7.5171894957975685
2.0729136019819636
1.19679720136754
4
0.3057830303222325
7.716655691901561
1.9001708101501331
1.0970641012535784
1
0.6299169278789476
7.716655691901561
1.9001708101501331
1.0970641012535784
2
0.5543455642865373
7.716655691901561
1.9001708101501331
1.0970641012535784
3
0.5452616268643202
7.716655691901561
1.9001708101501331
1.0970641012535784
4
0.28671585550617235
7.916121888005554
1.7274280183183028
0.9973310011396168
1
0.6268000336956356
7.916121888005554
1.7274280183183028
0.9973310011396168
2
0.5606628662863533
7.916121888005554
1.7274280183183028
0.9973310011396168
3
0.555438590251039
7.916121888005554
1.7274280183183028
0.9973310011396168
4
0.2667914525945922
8.115588084109547
1.5546852264864728
0.8975979010256552
1
0.623938458919628
8.115588084109547
1.5546852264864728
0.8975979010256552
2
0.5668096022811508
8.115588084109547
1.5546852264864728
0.8975979010256552
3
0.5652417981800846
8.115588084109547
1.5546852264864728
0.8975979010256552
4
0.24590622014135247
8.31505428021354
1.381942434654642
0.7978648009116933
1
0.6214227353115684
8.31505428021354
1.381942434654642
0.7978648009116933
2
0.5746079144561894
8.31505428021354
1.381942434654642
0.7978648009116933
3
0.5726968620747851
8.31505428021354
1.381942434654642
0.7978648009116933
4
0.22396025219561924
8.514520476317532
1.2091996428228122
0.6981317007977319
1
0.6193462505078942
8.514520476317532
1.2091996428228122
0.6981317007977319
2
0.5834521609669513
8.514520476317532
1.2091996428228122
0.6981317007977319
3
0.5782028736653347
8.514520476317532
1.2091996428228122
0.6981317007977319
4
0.20082488641039295
8.713986672421527
1.0364568509909815
0.59839860068377
1
0.6177936024803116
8.713986672421527
1.0364568509909815
0.59839860068377
2
0.5916495223628531
8.713986672421527
1.0364568509909815
0.59839860068377
3
0.5831519419126435
8.713986672421527
1.0364568509909815
0.59839860068377
4
0.1763472281189885
8.913452868525518
0.8637140591591517
0.4986655005698084
1
0.6168459970579871
8.913452868525518
0.8637140591591517
0.4986655005698084
2
0.5990539727477769
8.913452868525518
0.8637140591591517
0.4986655005698084
3
0.5873560232738597
8.913452868525518
0.8637140591591517
0.4986655005698084
4
0.15037513821903412
9.112919064629512
0.690971267327321
0.39893240045584677
1
0.6165388714529308
9.112919064629512
0.690971267327321
0.39893240045584677
2
0.6054979038372332
9.112919064629512
0.690971267327321
0.39893240045584677
3
0.5906542363097542
9.112919064629512
0.690971267327321
0.39893240045584677
4
0.1227997211458113
9.312385260733503
0.5182284754954911
0.29919930034188513
1
0.6167862282664989
9.312385260733503
0.5182284754954911
0.29919930034188513
2
0.6107965858545895
9.312385260733503
0.5182284754954911
0.29919930034188513
3
0.5929722125304464
9.312385260733503
0.5182284754954911
0.29919930034188513
4
0.09362855480350932
9.511851456837498
0.3454856836636604
0.19946620022792327
1
0.6173363454982581
9.511851456837498
0.3454856836636604
0.19946620022792327
2
0.6147609953282287
9.511851456837498
0.3454856836636604
0.19946620022792327
3
0.5944019899685231
9.511851456837498
0.3454856836636604
0.19946620022792327
4
0.06309828597614286
9.71131765294149
0.17274289183183011
0.09973310011396186
1
0.6178505203954379
9.71131765294149
0.17274289183183011
0.09973310011396186
2
0.6172209660598296
9.71131765294149
0.17274289183183011
0.09973310011396186
3
0.595140638086381
9.71131765294149
0.17274289183183011
0.09973310011396186
4
0.03170848787645177